x=-230.24609375
y=369.078125
fontSize=86
